地区 人均可支配收入 消费支出 食品烟酒 衣着 居住 生活用品及服务 交通通信 教育文化娱乐 医疗保健 其他用品及服务 
全国 32188.8 21209.9 6397.3 1238.4 5215.3 1259.5 2761.8 2032.2 1843.1 462.2 
北京 69433.5 38903.3 8373.9 1803.5 15710.5 2145.8 3789.5 2766.0 3513.3 800.7 
天津 43854.1 28461.4 8516.0 1711.8 7035.3 1669.4 3778.7 2253.7 2646.0 850.5 
河北 27135.9 18037.0 4992.5 1249.7 4394.5 1171.2 2356.9 1799.1 1692.0 381.2 
山西 25213.7 15732.7 4362.4 1235.8 3460.4 863.9 1980.9 1608.4 1854.0 366.9 
内蒙古 31497.3 19794.5 5686.1 1568.3 4148.6 1119.2 3099.2 1835.9 1891.5 445.8 
辽宁 32738.3 20672.1 6110.1 1378.2 4473.8 1091.8 2660.0 1950.8 2303.2 704.1 
吉林 25751.0 17317.7 5021.6 1293.9 3448.2 906.7 2386.0 1742.0 2031.2 488.1 
黑龙江 24902.0 17056.4 5287.2 1300.6 3450.7 895.4 2122.2 1602.9 2023.2 374.4 
上海 72232.4 42536.3 11224.7 1694.0 15247.3 2091.2 4557.5 3662.9 3033.4 1025.3 
江苏 43390.4 26225.1 7258.4 1450.5 7505.9 1523.0 3588.8 2298.2 2018.6 581.8 
浙江 52397.4 31294.7 8922.1 1703.2 9009.1 1789.3 4301.2 2889.4 1955.9 724.4 
安徽 28103.2 18877.3 6280.4 1210.4 4375.9 1108.4 2172.1 1855.3 1548.0 326.8 
福建 37202.4 25125.8 8385.1 1182.4 7304.8 1274.8 2972.0 1895.9 1583.2 527.5
江西 28016.5 17955.3 5780.6 987.2 4454.9 966.5 2146.4 1879.0 1437.3 303.3 
山东 32885.7 20940.1 5757.3 1438.0 4437.0 1571.0 3004.1 2373.7 1914.0 444.8 
河南 24810.1 16142.6 4417.9 1221.8 3807.6 1077.6 1917.2 1685.4 1621.9 393.2 
湖北 27880.6 19245.9 5897.7 1173.0 4659.6 1088.9 2559.5 1755.9 1764.9 346.4 
湖南 29379.9 20997.6 6251.7 1236.9 4436.2 1289.0 2745.5 2587.3 2034.7 416.3 
广东 41028.6 28491.9 9629.3 1044.5 7733.0 1560.6 3808.7 2442.9 1677.9 595.1 
广西 24562.3 16356.8 5591.5 595.0 3579.0 929.1 2107.9 1766.2 1540.7 247.3 
海南 27904.1 18971.6 7514.0 660.6 4168.0 890.0 2118.9 1880.5 1407.3 332.3 
重庆 30823.9 21678.1 7284.6 1459.1 4062.1 1517.4 2630.9 2120.9 2101.5 501.6 
四川 26522.1 19783.4 7026.4 1190.4 3855.7 1234.8 2465.1 1650.5 1908.0 452.4 
贵州 21795.4 14873.8 4606.9 944.6 2998.2 901.1 2218.0 1636.7 1269.6 298.7 
云南 23294.9 16792.4 5092.1 868.3 3469.8 958.5 2709.4 1835.8 1547.4 311.0 
西藏 21744.1 13224.8 4786.6 1137.2 2970.5 838.6 1987.5 550.9 589.9 363.6 
陕西 26226.0 17417.6 4819.5 1156.6 3857.6 1179.3 2194.0 1756.6 2078.4 375.6 
甘肃 20335.1 16174.9 4768.8 1140.6 3557.3 1045.5 2020.4 1728.6 1544.7 369.1 
青海 24037.4 18284.2 5224.5 1301.4 3618.5 1073.4 3121.0 1521.3 1975.7 448.5 
宁夏 25734.9 17505.8 4816.3 1263.9 3348.8 1037.2 2922.0 1760.6 1906.3 450.7 
新疆 23844.7 16512.1 5225.9 1138.9 3304.7 1031.0 2318.9 1488.4 1611.7 392.7